173
114
107
196
198
177
175
140
173
199
124
181
164
184
101
137
120
122
179
162
109
172
145
150
187
176
130
142
134
116
157
189
183
114
121
173
152
129
113
159
101
162
190
175
166
126
110
193
191
161
192
157
123
117
120
171
127
133
174
156
139
133
152
102
173
188
143
154
158
127
155
154
164
179
142
104
151
187
132
177
102
195
193
116
179
192
150
115
172
190
100
190
124
162
160
159
193
188
111
188
141
143
198
199
191
143
144
180
192
101
130
137
100
119
109
139
131
197
192
150
153
172
145
102
118
106
119
187
143
113
106
149
162
117
168
155
122
113
100
191
194
195
186
184
197
162
156
146
135
196
178
117
159
162
108
179
117
141
1000083
1000006
188
196
160
198
194
158
103
140
148
132
128
102
183
139
108
196
109
194
152
116
132
145
121
110
1000014
1000167
123
107
153
149
176
119
108
100
151
190
161
127
196
111
134
153
